1389894596730277892
1389804050892349442
1389756262540365824
1389747896568922112
1389371224313131011
1387395778956599300
1389164929920290819
1387407327850995715
1389262680796504066
1387579912236662784
1389303705875353602
1389549888564875265
1387269957486972937
1389027412059451401
1387656394925436931
1389003241971613698
1388996480011173888
1388974509542182914
1389210817350946818
1388998831014957056
1387597662631841792
1389045800836079616
1389281075344527360
1389669599088570368
1389738336105811971
1389683825798643720
1389715227407568896
1388966877641117696
1389267891430649860
1389260705870717376
1387392039310872580
1389285528105754625
1388358186311176193
1389223770376728580
1389661887025930240
1389404763012308994
1388964951809695747
1389724506919297026
1389372584857280516
1389001870572548101
1389284305117933570
1387328245465374721
1389375439869648899
1387604099948965888
1389713512046366720
1387622544505597956
1389017438818242563
1389567401960738816
1388973970301480964
1389539879978156034
1387589784017666055
1389214951185653768
1387370930515623936
1389368045911437313
1387166318571319299
1389647552861990913
1387557479219798023
1387353083861106690
1389270264496541697
1388973074817589248
1387650110809468928
1387576506969329671
1389049015451324416
1389007210525564928
1389371045879062531
1387271938460983298
1388981983280209921
1389401242917478400
1387366116205285381
1388969978561368067
1389391226198282240
1388995212710608896
1387441534535016452
1389534483167158276
1389025483057090562
1388962778346491904
1389538002221760513
1388960262938456065
1389409161532764163
1389024994110234626
1388978878362779650
1389028653959237637
1387648779348627461
1387440023193088001
1387362387859107840
1389030931608920064
1389722834381926401
1389404583168921601
1388992677564190723
1387434029088079873
1387563890507083780
1387647743296892934
1389287171924897800
1388995797325279232
1389591896532525060
1389014690571767808
1389067442966515721
1387367740768284672
1389299064869572612
1387394509974085637
1389026632908738562
1389022378445840387
1389527211355492352
1389297882910498816
1388967240402309120
1389021914144772101
1389286857406439427
1387359214490644484
1389623963290980357
1387199894171967492
1389709570931445767
1389264286657118211
1387163621151571971
1389665215491366915
1389019968503640066
1387436905772449793
1389159590311325698
1387455262642954240
1389293739944779776
1387652793582772229
1387560997401939976
1388968417319813122
1389011595112587264
1389282104358305792
1389584866577043462
1389023189875847171
1387355757771837445
1389710637337546759
1389018971261730816
1389583990990860289
1387657922327375873
1387429509960327168
1389289597452967937
1389162403628150784
1389058346607542274
1389010334132760576
1389030282888564737
1389507879674138624
1387574958633541634
1389157315534757894
1389365984088125441
1389030111307993093
1389055474918588421
1389523974153904134
1389582248911900679
1389616445097578497
1387616355873026052
1389018013173796865
1387577136408457216
1389029463279620097
1389650627941134336
1388997591405264896
1389668586650628098
1389292978569580549
1389505062452355072
1389570522426404868
1387396535483133952
1389547973214969858
1389006269919358978
1387564352757112834
1389260315687194625
1387168990452088833
1389393718818467840
1387652452304916482
1387421747197083656
1389614058031108102
1388984305829908482
1389017454597214209
1389296576531554307
1389380675178950657
1388962250539421700
1387594928331530240
1387420845090344960
1387206585605181441
1389291806148366338
1389410719368503301
1389077234942545920
1387439044762669063
1389004942245912581
1389574923530559494
1387203212734713858
1389681145667723267
1387315204757725187
1388982228483383299
1387417286781276168
1389264654208176130
1389545961119260676
1388994959991214083
1389016907219566592
1387550140358004737
1389025816571367424
1389295596851253249
1389711120697479168
1389356715569664000
1389291160275877888
1387581334063747077
1388993984039587842
1387208524862672900
1389679512879730690
1389012787733491715
1387556008025681920
1389042707234840578
1389270289201000450
1389664877287940096
1387382967454998528
1389019304096460801
1387310388715294727
1387600624485761024
1389259227793821697
1389400106751827970
1389678890361053184
1387452174729236480
1389557268262232074
1389373752853422080
1387571302093910016
1387480885109219328
1389040382646779905
1388977930928152576
1389538747339862016
1389398907537412097
1389625176199819264
1389022567554371584
1389542602500755459
1389676352408752130
1387554581152821249
1387591172248399882
1389004530080108545
1389542137323159553
1389013550174072833
1389415244317876226
1389587416919404544
1387305712657731585
1389553403907362820
1389376071934435328
1389281385827819521
1389386308347256836
1389397620708151297
1389290044431630345
1389258082471976961
1389400776510894081
1387423048282738689
1389672093965422592
1389709221978071040
1389232166710640644
1389562895801864203
1389000304226553858
1387560913000034311
1389011546362155010
1389000162886885386
1389060583350161412
1389552605928464384
1387273748944805888
1389583943100293122
1389388663436419076
1389562544826720257
1389287783672344578
1389477687182327809
1389540726615150594
1389229574450401282
1389002479048609795
1389290784831119361
1388998578803077121
1389293121331101699
1387444909800525827
1389272178080641024
1389537144033583106
1387562840983183361
1389385817072685061
1389289036674596870
1389658199712690176
1388985152831774722
1388989681455353857
1387424995505164298
1389384454859227138
1388974642627366914
1389379160070529025
1389403171185782790
1389279735536963585
1389296804701691905
1389354693088841729
1389295130968879104
1389179963941691392
1387413864677974019
1389381083116965889
1387650723836358656
1387548183685828614
1389373795027144709
1389667027732684802
1387436242627747841
1389411577615454208
1389386224360595458
1389378760965648386
1389395885407182851
1387597881884909569
1389275042664488960
1389374275174371331
1387606101252739078
1389032938004643840
1387544998443319297
1389301072846409728
1388990854484807681
1389377802483290115
1389387922877542401
1387427585886326786
1389473758809780228
1387364286524137475
1387568002132975619
1389283355116535808
1387602009432281097
1389681010573385728
1389016227276738560
1389571702867185665
1389001601109561347
1387559833210003457
1389035956129329155
1389061567212257284
1389275428796321793
1387431684283404293
1389383468681859072
1389735422125776896
1389376700899753985
1387595238588391425
1389578918269575174
1389074537094938625
1387603245560832005
1389544369443819523
1389290997775953920
1388993371041980418
1387567377424949254
1387411216709021700
1389014208755363841
1387432508480970759
1389413562582327296
1389654188540370946
1387411217078112261
1387211745207341056
1387431172569931777
1387585071402524675
1387598846709026819
1387277629523333121
1389402913647124482
1389224917908873221
1387332645726556163
1388975604062584833
1389737570632749056
1389737122974691331
1389736033256869888
1389210823407534082
1389735428001910786
1389725503981039617
1389709799927992320
1388963173060030464
1389585523702964228
1389520156041306114
1389507676044935168
1389701513384140800
1389685126167240708
1389667658099052547
1389666833322627088
1389666269415280643
1389022574076579840
1389049021273042948
1387550146330730498
1387548190371549184
1389045806976552961
1387556013784457216
1387545004340498432
1389019974451138560
1389061573432406019
1389035962047422464
1389042713287303170
1389030937447395339
1389067448708603907
1389058352798306305
1387560918779793408
1389025488870395907
1389055481830723585
1387554586999726081
1389017460456628226
1389024999906832390
1389040388476870658
1389060589050220544
1389029469302657026
1388991129350254600
1389293700614873090
1389620924337594368
1389651107463503875
1387231886410387456
1389646658414198784
1389628964742836229
1389623969804816384
1389625183242047490
1389588793083285505
1389164393552822275
1389572426485440513
1389549897595199492
1389552611532054530
1389537149960159233
1389179969989799940
1389157321943633922
1389542143144775681
1389557274478223360
1389567408071864330
1389542608947486724
1389571709154390016
1389534489991208964
1389562901711646723
1387564359153381376
1387567383255031809
1389164935922417672
1389538753174151170
1389553409674473473
1389540736539009029
1389539889419636739
1389159596082663424
1389545970124328965
1389162410037039104
1389538008479670278
1387559839241412609
1389547981481943040
1389544377396174851
1389562551420129287
1389562024955420676
1389561384166436865
1389546549420740612
1387561406493560832
1387546103537623040
1387568248762388483
1389549385659392002
1389548898792923153
1389544503820918785
1389540952948228098
1389536624183234564
1389536578985472005
1389536369454759939
1389535281997656064
1389507885789450242
1389477693259878400
1389523980621475844
1389527217281986562
1389505069104517123
1389473765000572932
1389075752772112388
1389128515182727168
1389073380574318595
1389063303352123395
1389420766245031938
1387574965277319168
1389386314139652097
1389402920978771968
1389373759388221441
1387382973465460736
1389395891212017667
1389354699556409344
1389365989783965697
1389384460701888517
1389373800874082305
1389398102520512516
1389385125616660481
1389381191112003587
1389377997002711041
1389376235340505089
1387573170236973058
1387277853859909632
1389369132068577287
1389367939019808769
1389367831511371779
1389365386278223873
1389362380472266762
1389358237951086593
1389355309525831688
1389355156651880451
1389348885391298560
1389347528399851523
1389328636893966337
1389279745884426243
1389324670802014213
1389324529126739976
1389323866867130370
1389321509995433987
1389304816485257217
1389284807578947584
1389281943628525570
1389308781578924037
1389303711592161282
1389297888979677184
1389295137910452225
1389301079569883136
1389299483658305541
1389296545120636930
1389286863706329091
1389291003916394500
1389289043070910466
1389292984810627074
1389287496543088642
1389224631064748041
1389259155148574720
1389269257108721664
1389283906738864132
1389280366964445184
1389277459468718080
1389264660373725192
1389229580842532866
1389262689684258816
1389275049232764931
1389223776995274758
1389270295073099778
1389264293086986245
1389232173018877953
1389224924678549516
1389259234995445761
1389260712665489410
1389273265869361160
1389272555408723972
1389269714665451525
1389268921753247744
1389262222640177155
1389267758886621188
1389264243929853956
1389263247182807040
1389262543957417985
1389262349303943170
1389230815050178568
1389261625484615682
1389260484516491264
1389224067669151745
1389260041396568069
1389259677972713474
1389259588986413060
1389224745346928645
1389223993916469250
1389254570702999552
1389249769634140162
1389248677185785859
1389247226308829189
1389247161381097477
1389224610865061891
1389246354292097036
1389244185191100424
1389242760750936070
1389240955686031367
1389226274992889859
1389240855689576453
1389239714016808963
1389238422229897220
1389236139299643397
1389236037931634690
1389235066715480065
1389234216366481417
1389233767408099328
1389233630212407298
1389232615442591747
1389232218875338754
1389232131726090241
1389231920995786759
1389231735062372355
1389231528832552967
1389231520167120902
1389231138015780870
1389230797954199553
1389230432475041794
1389230259992764422
1389230106628001795
1389230068967354369
1389230021718519814
1389229714519244803
1389229316437913601
1389229262297763847
1389228849607680002
1387440855007567874
1389228311306510339
1389048516480282632
1387270782800236545
1389226358975475716
1389225563928268802
1389225039434764289
1389016881911173122
1389224380870365196
1389224806839721986
1389005357985509376
1389224498000547843
1389224265321525251
1389223816010768386
1389203482729713665
1389192686851305478
1389160083448377344
1389093610516267010
1389021511063851008
1389020020949327876
1389077875828088832
1389074427522990083
1389054779784110084
1389052648335331331
1389051890210648071
1388997614788620290
1389046335265988613
1389043530702757896
1389038218423767043
1389034907805040642
1389023793671254018
1389006017476837379
1389001470536728576
1388977148510318595
1388977537414574082
1388977241107877908
1388634051200917505
1388549327765839872
1388360992451661825
1387578503852351488
1388288793015422981
1388228151755558912
1388216151663169536
1387954462204047364
1387851338466439172
1387704123408199680
1387676239415099394
1387648789708636162
1387563896349741057
1387602015249788930
1387557485582503939
1387571308523708417
1387656400789118978
1387647749210865664
1387595244632305665
1387637118688706560
1387633095499780115
1387632024559759364
1387619167952531463
1387608355544387584
1387597160523472899
1387608312619864067
1387606378001412099
1387605560946745344
1387604531354157057
1387572560544600070
1387603214963548161
1387602186465685504
1387597877845823492
1387596179488317445
1387595965360660496
1387595423926431746
1387592821796913154
1387592781166690304
1387592464186421256
1387591717046652928
1387591058318561284
1387590723411775489
1387582387366899713
1387590556612710400
1387589988322263048
1387588876005433352
1387588613421113345
1387587426827243521
1387587095687057412
1387585376529813506
1387584383956226048
1387584017130741761
1387583929264320519
1387574212987133956
1387583703367524353
1387583283559550977
1387582710114365446
1387581802294951938
1387581137531330561
1387580772694077442
1387577755274031106
1387580596529025028
1387580340785516549
1387579534384435206
1387579436028108801
1387579384823963648
1387578934410219535
1387578791212593155
1387578734719426563
1387578721218011144
1387578657087098881
1387578623884935173
1387578550786658310
1387578520927342596
1387578365469671431
1387578251380469763
1387578193838845953
1387578186943315969
1387578173714485250
1387577605063335940
1387577319133433859
1387577143182479362
1387576970893045760
1387576560455241730
1387576334495399936
1387576254191263745
1387575965207891969
1387575723523727364
1387575455541235718
1387575414646661120
1387575399941541888
1387574932314406914
1387574849292341249
1387574498602504197
1387574155428732931
1387573980933013512
1387573579923984388
1387572602990997516
1387572567435882500
1387572533138952195
1387572487827902472
1387572219203801088
1387571860724932612
1387571762473406468
1387571572907646984
1387571446763905026
1387568879338147841
1387568387577065477
1387562993836244993
1387557765665759240
1387472652089049097
1387471667572707332
1387452181146603537
1387427591968100353
1387411223403061255
1387421753295527938
1387431178425094150
1387436249237970947
1387411223147270151
1387413870776516610
1387425001800814601
1387440028918317063
1387423054041554946
1387407334322831361
1387420851058798594
1387429516046258177
1387455269345452036
1387417293060120576
1387432514503856131
1387420191433318405
1387412001341808644
1387378747909754882
1387360220079435776
1387374412886859781
1387311701767426049
1387222945328685064
1387310205571145729
1387309356635537410
1387216850149388291
1387218494257778689
1387271166457520133
1387277977889689601
1387228910098677763
1387193126201315330
1387164839500468237
1387170052504526850
1387142617436151815
